10 10 10 10 10 10 10 10 10 10 10 10 10 10 10 10
10 10 10 10 10 10 10 10 10 10 10 10 10 10 10 10
10 10 10 10 10 10 10 10 10 10 10 10 10 10 10 10
10 10 10 10 10 10 10 10 10 10 10 10 10 10 10 10
10 10 10 11 10 15 10 10 18 10 10 10 10 10 10 10
10 10 10 10 10 10 10 12 12 10 23 10 10 10 10 10
10 10 10 10 10 10 10 12 23 10 10 10 10 10 10 10
10 10 10 10 10 10 10 12 12 12 10 10 10 10 10 10
10 10 10 10 10 10 10 12 12 10 10 10 10 10 10 10
10 10 10 10 10 10 10 12 12 10 10 10 10 10 10 10
10 10 10 10 10 10 10 10 10 10 10 10 5 10 10 10
10 10 10 10 10 10 10 10 10 10 10 10 10 10 10 10